4.5000000 9.3005000
4.5000000 9.3005000
4.4995000 9.3000000
4.5005000 9.3000000
5.4995000 9.3000000
5.4995000 9.3000000
5.4995000 9.3000000
5.4995000 9.3000000
5.5005000 9.3000000
5.4995000 9.3000000
5.0777323 9.1592679
5.0820000 9.1575000
5.0820000 9.1575000
4.8250000 9.0989896
4.8300000 9.0989896
5.0455000 9.0989896
5.0505000 9.0989896
5.0770000 9.0989896
5.0820000 9.0989896
5.1085000 9.0989896
5.1135000 9.0989896
5.0400586 9.0865941
5.0462321 9.0927677
5.0462321 9.0927677
5.0400586 9.0865941
5.0497677 9.0892321
5.0434467 9.0829112
5.0486115 9.0880759
4.8132679 9.0767677
4.8232647 9.0667708
4.8197292 9.0632353
5.0204059 9.0669414
5.0240888 9.0635533
5.0147323 9.0612679
5.0182679 9.0577323
4.7875104 9.0615000
4.8245759 9.0583885
5.1509896 9.0615000
4.8350888 9.0544467
4.8287679 9.0607677
5.1187708 9.0547647
5.0140000 9.0595000
4.8350888 9.0544467
4.8245759 9.0583885
4.8245759 9.0583885
4.8299241 9.0596115
4.8299241 9.0596115
4.8197292 9.0632353
5.0189241 9.0583885
5.0240888 9.0635533
5.1187708 9.0547647
4.8314059 9.0510586
4.8252323 9.0572321
5.1152353 9.0512292
4.7875104 9.0565000
4.7875104 9.0565000
4.8275000 9.0565000
4.8275000 9.0565000
5.1509896 9.0565000
5.1509896 9.0565000
5.1297677 9.0437679
4.9362321 9.0452677
4.9677321 9.0452677
5.1262321 9.0402323
4.9397677 9.0417321
4.9712677 9.0417321
5.1280000 9.0395000
5.1280000 9.0395000
4.8544467 9.0350888
4.8510586 9.0314059
4.9262353 9.0352708
4.9297708 9.0317353
4.9577353 9.0352708
4.9612708 9.0317353
4.8190104 9.0300000
4.8602677 9.0292679
5.1194896 9.0300000
5.2065000 9.0300000
4.8567321 9.0257323
4.8510586 9.0314059
4.9297708 9.0317353
4.9612708 9.0317353
4.8190104 9.0250000
4.8190104 9.0250000
4.8585000 9.0250000
5.1194896 9.0250000
5.2075000 9.0250000
5.2075000 9.0250000
5.1194896 9.0250000
4.9060000 9.0140000
4.9060000 9.0140000
5.0010000 9.0140000
5.0010000 9.0140000
4.9042321 9.0132677
5.0927321 9.0127677
4.8452679 9.0132677
5.0027679 9.0132677
4.9077677 9.0097321
5.0962677 9.0092321
4.8547647 9.0037708
4.8512292 9.0002353
4.8947353 9.0037708
4.8982708 9.0002353
5.0122647 9.0037708
5.0087292 9.0002353
5.0837353 9.0037708
5.0872708 9.0002353
4.8190104 8.9985000
5.0182677 8.9977679
5.0147321 8.9942323
5.0564896 8.9985000
5.0710104 8.9985000
5.0777323 8.9977679
5.0795000 8.9985000
5.1194896 8.9985000
4.9142292 8.9917647
4.9612708 8.9917647
5.0242708 8.9917647
4.8512292 9.0002353
4.8982708 9.0002353
4.9142292 8.9917647
4.9612708 8.9917647
5.0242708 8.9917647
5.0147321 8.9942323
5.0087292 9.0002353
5.0812679 8.9942323
5.0872708 9.0002353
4.9577353 8.9882292
5.0147323 8.9942321
5.0207353 8.9882292
5.0147323 8.9942321
4.9177647 8.9882292
4.8190104 8.9935000
4.8190104 8.9935000
5.0564896 8.9935000
5.0710104 8.9935000
5.0564896 8.9935000
5.0710104 8.9935000
5.1194896 8.9935000
5.1194896 8.9935000
5.0307321 8.9782323
4.8947353 8.9722708
4.8982708 8.9687353
4.9807647 8.9722708
4.9772292 8.9687353
4.8190104 8.9670000
4.8887323 8.9662679
4.8922679 8.9627323
4.9867677 8.9662679
4.9832321 8.9627323
5.1194896 8.9670000
5.2065000 8.9670000
4.8827292 8.9602647
4.8887321 8.9662677
4.9927708 8.9602647
4.8827292 8.9602647
4.8982708 8.9687353
4.9927708 8.9602647
4.9832321 8.9627323
4.9772292 8.9687353
4.9832323 8.9627321
4.9892353 8.9567292
4.9832323 8.9627321
4.8887321 8.9662677
4.8862647 8.9567292
4.8922677 8.9627321
4.8190104 8.9620000
4.8190104 8.9620000
5.1194896 8.9620000
5.2075000 8.9620000
5.2075000 8.9620000
5.1194896 8.9620000
4.9987321 8.9472323
5.0005000 8.9465000
4.8745000 8.9460000
4.8745000 8.9460000
4.8190104 8.9355000
4.9304896 8.9355000
4.9450104 8.9355000
4.9220000 8.9355000
4.9220000 8.9355000
5.1194896 8.9355000
4.9142292 8.9287647
4.9202321 8.9347677
4.9142292 8.9287647
4.9177647 8.9252292
4.9237677 8.9312321
4.8190104 8.9305000
4.8190104 8.9305000
4.9304896 8.9305000
4.9450104 8.9305000
4.9304896 8.9305000
4.9450104 8.9305000
5.1194896 8.9305000
5.1194896 8.9305000
4.9047323 8.9192679
4.9082679 8.9157323
4.9090000 8.9175000
4.9090000 8.9175000
4.7875104 8.9040000
5.1509896 8.9040000
5.2065000 8.9040000
4.8197292 8.8972647
5.0717292 8.8972647
4.8197292 8.8972647
5.0717292 8.8972647
5.1085000 8.8930104
5.1085000 8.8930104
5.1135000 8.8930104
5.1135000 8.8930104
4.8232647 8.8937292
5.0752647 8.8937292
4.7875104 8.8990000
4.7875104 8.8990000
5.1509896 8.8990000
5.1509896 8.8990000
5.0617323 8.8872679
5.0652679 8.8837323
5.0660000 8.8855000
5.0660000 8.8855000
4.8120000 8.8835000
4.8120000 8.8835000
4.8120000 8.8835000
4.8120000 8.8835000
5.1085000 8.8784896
5.1135000 8.8784896
5.0879896 8.8725000
5.1025104 8.8725000
5.1085000 8.8700000
4.8250000 8.8615104
4.8250000 8.8615104
4.8300000 8.8615104
4.8300000 8.8615104
4.8565000 8.8615104
4.8565000 8.8615104
4.8615000 8.8615104
4.8615000 8.8615104
5.0140000 8.8615104
5.0140000 8.8615104
5.0190000 8.8615104
5.0190000 8.8615104
5.1085000 8.8615104
5.1085000 8.8615104
5.1085000 8.8700000
5.1135000 8.8615104
5.1135000 8.8615104
5.0795000 8.8675000
5.0879896 8.8675000
5.0795000 8.8675000
5.1025104 8.8675000
5.1110000 8.8675000
5.1110000 8.8675000
5.0879896 8.8675000
5.1025104 8.8675000
5.0140000 8.8025000
5.0140000 8.8025000
4.8250000 8.8035000
5.0147323 8.8007321
4.8292677 8.8007321
4.4995000 8.6000000
4.5005000 8.6000000
4.5005000 8.6000000
5.5000000 8.5995000
5.5000000 8.5995000
5.5000000 8.5995000
5.5000000 8.5995000
