4.4995000 9.3005000
4.4995000 9.2995000
4.4995000 9.2995000
4.4995000 9.2995000
5.4995000 9.3005000
5.4995000 9.2995000
5.4995000 9.3005000
5.4995000 9.2995000
5.4995000 9.2995000
5.4995000 9.2995000
4.4995000 9.2995000
4.5005000 9.2995000
4.5005000 9.2995000
5.4995000 9.2995000
5.4995000 9.2995000
5.5005000 9.2995000
5.0781725 9.1597080
5.0747920 9.1563275
5.0455000 9.1605000
5.0455000 9.1555000
5.1085000 9.1605000
5.1085000 9.1555000
4.8250000 9.0966644
4.8250000 9.0843356
5.0455000 9.0966644
5.0455000 9.0843356
5.0770000 9.0966644
5.0770000 9.0843356
5.1085000 9.0966644
5.1085000 9.0843356
5.0455000 9.0935000
5.0455000 9.0885000
5.0455000 9.0920355
5.0473336 9.0938691
5.0357809 9.0823164
5.0466725 9.0932080
5.0432920 9.0898275
4.7195000 9.0725000
4.7245000 9.0725000
4.8104645 9.0725000
4.8257433 9.0642923
4.8239423 9.0660933
4.8156415 9.0673230
4.8269730 9.0559915
5.0158336 9.0623691
5.0042809 9.0508164
5.0151725 9.0617080
5.0117920 9.0583275
4.7956396 9.0615000
4.7786604 9.0615000
4.8224849 9.0604796
4.8259796 9.0569849
4.8271396 9.0615000
4.8101604 9.0615000
4.8224849 9.0604796
4.8259796 9.0569849
4.8244915 9.0584730
4.8358230 9.0471415
4.8354036 9.0541320
4.8314820 9.0580536
4.8249849 9.0579796
4.8284796 9.0544849
5.1180933 9.0554423
5.1162923 9.0572433
4.8241309 9.0583336
4.8356836 9.0467809
4.8247920 9.0576725
4.8281725 9.0542920
5.1079915 9.0584730
5.1193230 9.0471415
4.7195000 9.0565000
4.7245000 9.0565000
4.7898356 9.0565000
4.8021644 9.0565000
5.1363356 9.0565000
5.1486644 9.0565000
5.1400000 9.0565000
5.1450000 9.0565000
4.9355000 9.0445355
4.9670000 9.0445355
5.1232920 9.0431725
5.1266725 9.0397920
5.1290355 9.0445000
5.1257920 9.0406725
5.1291725 9.0372920
5.1255000 9.0395000
5.1305000 9.0395000
5.1255000 9.0395000
5.1305000 9.0395000
4.8580536 9.0314820
4.8541320 9.0354036
4.8467809 9.0356836
4.8583336 9.0241309
4.9214730 9.0305085
4.9101415 9.0191770
4.9529730 9.0305085
4.9416415 9.0191770
4.8271396 9.0300000
4.8101604 9.0300000
4.8537920 9.0286725
4.8571725 9.0252920
4.8586396 9.0300000
4.8416604 9.0300000
5.2087214 9.0300000
5.2037430 9.0300000
4.8556309 9.0268336
4.8671836 9.0152809
4.8562920 9.0261725
4.8596725 9.0227920
4.7200000 9.0250000
4.7250000 9.0250000
4.8213356 9.0250000
4.8336644 9.0250000
5.1048356 9.0250000
5.1171644 9.0250000
5.1085000 9.0250000
5.1135000 9.0250000
5.2050000 9.0250000
5.2100000 9.0250000
4.9066226 9.0140000
4.9018419 9.0140000
4.9985000 9.0140000
4.9985000 9.0140000
5.0951226 9.0135000
5.0903419 9.0135000
4.9046725 9.0137080
4.9012920 9.0103275
5.0931725 9.0132080
5.0897920 9.0098275
4.7200000 9.0090000
4.7250000 9.0090000
4.8424645 9.0090000
4.9035000 9.0090000
4.9085000 9.0090000
4.9999645 9.0090000
4.9070355 9.0090000
5.0920000 9.0085000
5.0970000 9.0085000
5.0955355 9.0085000
4.8572433 9.0012923
4.8554423 9.0030933
4.8471415 9.0043230
4.8584730 8.9929915
4.8899730 8.9990085
4.8786415 8.9876770
5.0147433 9.0012923
5.0129423 9.0030933
5.0046415 9.0043230
5.0159730 8.9929915
5.0789730 8.9990085
5.0676415 8.9876770
4.8271396 8.9985000
4.8101604 8.9985000
5.0117920 8.9971725
5.0151725 8.9937920
5.0784645 8.9985000
5.0791396 8.9985000
5.0621604 8.9985000
5.0781725 8.9982080
5.0747920 8.9948275
5.0770000 8.9985000
5.0770000 8.9985000
4.9214730 8.9990085
4.9101415 8.9876770
5.0182678 8.9977678
4.8559915 8.9954730
4.8673230 8.9841415
4.9167077 8.9942433
4.9149067 8.9924423
4.9605933 8.9924423
4.9587923 8.9942433
5.0134915 8.9954730
5.0248230 8.9841415
5.0235933 8.9924423
5.0217923 8.9942433
4.9504915 8.9954730
4.9618230 8.9841415
5.0147322 8.9942322
5.0134915 8.9954730
5.0248230 8.9841415
4.7185000 8.9935000
4.7235000 8.9935000
4.8213356 8.9935000
4.8336644 8.9935000
5.0418356 8.9935000
5.0541644 8.9935000
5.0455000 8.9935000
5.0505000 8.9935000
5.0733356 8.9935000
5.0856644 8.9935000
5.0770000 8.9935000
5.0820000 8.9935000
5.0770000 8.9935000
5.0820000 8.9935000
5.1048356 8.9935000
5.1171644 8.9935000
5.1085000 8.9935000
5.1135000 8.9935000
5.0277920 8.9811725
5.0311725 8.9777920
5.0335355 8.9825000
5.0302920 8.9786725
5.0336725 8.9752920
5.0300000 8.9775000
5.0350000 8.9775000
4.8899730 8.9675085
4.8786415 8.9561770
4.9832433 8.9697923
4.9814423 8.9715933
4.9731415 8.9728230
4.9844730 8.9614915
4.8271396 8.9670000
4.8101604 8.9670000
4.9802920 8.9656725
4.9836725 8.9622920
5.2087214 8.9670000
5.2037430 8.9670000
4.8899730 8.9675085
4.8786415 8.9561770
4.9867678 8.9662678
4.8852077 8.9627433
4.8834067 8.9609423
4.9819915 8.9639730
4.9933230 8.9526415
4.9920933 8.9609423
4.9902923 8.9627433
4.9832322 8.9627322
4.9819915 8.9639730
4.9933230 8.9526415
4.7200000 8.9620000
4.7250000 8.9620000
4.8213356 8.9620000
4.8336644 8.9620000
5.1048356 8.9620000
5.1171644 8.9620000
5.1085000 8.9620000
5.1135000 8.9620000
5.2050000 8.9620000
5.2100000 8.9620000
4.9957920 8.9501725
4.9991725 8.9467920
5.0015355 8.9515000
4.8734645 8.9510000
4.9982920 8.9476725
5.0016725 8.9442920
4.9980000 8.9465000
5.0030000 8.9465000
4.7200000 8.9460000
4.7250000 8.9460000
4.8720000 8.9460000
4.8770000 8.9460000
4.8271396 8.9355000
4.8101604 8.9355000
4.9531396 8.9355000
4.9361604 8.9355000
4.9226226 8.9355000
4.9178419 8.9355000
4.9214730 8.9360085
4.9101415 8.9246770
4.9206725 8.9352080
4.9172920 8.9318275
4.9167077 8.9312433
4.9149067 8.9294423
4.7195000 8.9305000
4.7245000 8.9305000
4.8213356 8.9305000
4.8336644 8.9305000
4.9158356 8.9305000
4.9281644 8.9305000
4.9195000 8.9305000
4.9245000 8.9305000
4.9473356 8.9305000
4.9596644 8.9305000
4.9230355 8.9305000
5.1048356 8.9305000
5.1171644 8.9305000
5.1085000 8.9305000
5.1135000 8.9305000
4.9051725 8.9197080
4.9017920 8.9163275
4.9090000 8.9164645
4.7956396 8.9040000
4.7786604 8.9040000
5.2087214 8.9040000
5.2037430 8.9040000
4.8269730 8.9045085
4.8156415 8.8931770
5.0789730 8.9045085
5.0676415 8.8931770
4.8222077 8.8997433
4.8204067 8.8979423
5.0742077 8.8997433
5.0724067 8.8979423
5.1085000 8.9011396
5.1085000 8.8841604
4.7200000 8.8990000
4.7250000 8.8990000
4.7898356 8.8990000
4.8021644 8.8990000
5.1363356 8.8990000
5.1486644 8.8990000
5.1400000 8.8990000
5.1450000 8.8990000
5.2050000 8.8990000
5.2100000 8.8990000
4.8109645 8.8885000
5.0621725 8.8877080
5.0587920 8.8843275
5.0660000 8.8844645
4.7195000 8.8835000
4.7245000 8.8835000
4.8095000 8.8835000
4.8145000 8.8835000
5.1085000 8.8761644
5.1085000 8.8638356
5.0791396 8.8725000
5.0621604 8.8725000
5.1085000 8.8725000
5.1106396 8.8725000
5.0936604 8.8725000
5.1085000 8.8725000
5.1085000 8.8675000
4.8250000 8.8725000
4.8250000 8.8675000
4.8250000 8.8696396
4.8250000 8.8526604
4.8565000 8.8725000
4.8565000 8.8675000
4.8565000 8.8696396
4.8565000 8.8526604
5.0140000 8.8725000
5.0140000 8.8675000
5.0140000 8.8696396
5.0140000 8.8526604
5.1085000 8.8725000
5.1085000 8.8675000
5.1085000 8.8696396
5.1085000 8.8526604
5.1085000 8.8675000
5.1085000 8.8675000
5.0733356 8.8675000
5.0856644 8.8675000
5.0770000 8.8675000
5.0820000 8.8675000
5.1048356 8.8675000
5.1171644 8.8675000
5.1085000 8.8675000
5.1135000 8.8675000
5.1085000 8.8675000
4.4995000 8.6005000
4.4995000 8.5995000
4.5005000 8.6005000
5.4995000 8.6005000
4.4995000 8.5995000
4.5005000 8.5995000
5.4995000 8.5995000
5.5005000 8.5995000
